# m				lambda			lambda_p		xi				lambda_pp		x0			y0			Ntot
#3.0E-06			5.0E-11			6.0E-13			0.2				0.01			15.0		2.0			150.0
#3.0E-06			5.0E-11			6.0E-13			0.225			0.01			15.0		2.0			150.0
#3.0E-06			5.0E-11			6.0E-13			0.25			0.01			15.0		2.0			150.0
#3.0E-06			5.0E-11			6.0E-13			0.275			0.01			15.0		2.0			150.0
#3.0E-06			5.0E-11			6.0E-13			0.3				0.01			15.0		2.0			150.0
#3.0E-06			5.0E-11			6.0E-13			0.35			0.01			15.0		2.0			150.0
##7.73942986E-07	9.13296869E-12	2.11463225E-13	0.277602375		3.19491588E-02	15.6333895	1.83842540	150.0
##1.25932002E-06	1.39075331E-11	2.73939590E-13	0.351964235		3.10183745E-02	13.2599812	2.08408904	150.0
##5.61923002E-07	8.30430993E-13	6.27330422E-14	4.47838493E-02	3.53448503E-02	28.7385178	4.72850132	150.0
#3.0E-06			5.0E-11			1.0E-12			0.225			0.01			15.0		2.0			150.0
#3.0E-06			5.0E-11			1.3E-12			0.225			0.01			15.0		2.0			150.0
#3.0E-06			5.0E-11			1.5E-12			0.225			0.01			15.0		2.0			150.0
#3.0E-06			5.0E-11			1.7E-12			0.225			0.01			15.0		2.0			150.0
#5.61923002E-07		8.30430993E-13	6.27330422E-14	4.47838493E-02	3.53448503E-02	28.7385178	4.72850132	150.0
#1.21390675E-08		3.83869613E-13	9.23020476E-14	1.0E-03			0.01			23.338	5.578		100.0
#1.21390675E-08		3.83869613E-13	9.23020476E-14	2.5E-03			0.01			23.338	5.578		100.0
#1.21390675E-08		3.83869613E-13	9.23020476E-14	5.4E-03			0.01			23.338	5.578		100.0
#1.21390675E-08		3.83869613E-13	9.23020476E-14	1.0E-02			0.01			23.338	5.578		100.0
#1.21390675E-08		3.83869613E-13	9.23020476E-14	2.0E-02			0.01			23.338	5.578		100.0
#
#1.21390675E-08		3.83869613E-13	9.23020476E-14	5.40115917E-03	1.49089814E-04	23.338	5.578		100.0
#1.21390675E-08		3.83869613E-13	9.23020476E-14	6.4E-03			1.49089814E-04	23.338	5.578		100.0
#1.2E-08		3.8E-13		1.6E-14		5.4E-03			1.5E-04			23.4		5.6		150.0
#
#8.2E-07		3.8E-13		0.3E-19		9.4E-03			1.5E-04			23.4		5.6		100.0
#3.0E-06		5.0E-11		7.36E-13		0.2085			0.065			25.0		1.0		200.0
#
#
#6.43E-07		8.73E-12		6.89E-13		0.055		8.67E-05		18.4		6.63		100.0
#6.43E-07		8.73E-12		6.89E-13		0.0596		8.67E-05		18.4		6.63		100.0
#6.43E-07		8.73E-12		6.89E-13		0.07		8.67E-05		18.4		6.63		100.0
#6.43E-07		8.73E-12		6.89E-13		0.08		8.67E-05		18.4		6.63		100.0
#6.43E-07		8.73E-12		6.89E-13		0.1			8.67E-05		18.4		6.63		100.0
#6.43E-07		8.73E-12		6.89E-13		0.14		8.67E-05		18.4		6.63		100.0
#
#6.43E-07		8.73E-12		6.89E-13		0.07		1.0E-08		18.4		6.63		80.0
#6.43E-07		8.73E-12		6.89E-13		0.07		5.0E-02		18.4		6.63		80.0
#
#
#4.67E-07		3.49E-11		6.68E-13		0.01		2.93E-05		23.7		0.91		180.0
#4.67E-07		3.49E-11		6.68E-13		0.02		2.93E-05		23.7		0.91		180.0
#4.67E-07		3.49E-11		6.68E-13		0.035		2.93E-05		23.7		0.91		180.0
#4.67E-07		3.49E-11		6.68E-13		0.05		2.93E-05		23.7		0.91		180.0
#4.67E-07		3.49E-11		6.68E-13		0.065		2.93E-05		23.7		0.91		180.0
#4.67E-07		3.49E-11		6.68E-13		0.08		2.93E-05		23.7		0.91		180.0
#4.67E-07		3.49E-11		6.68E-13		0.180		2.93E-05		23.7		0.91		180.0
# 
#
#
#6.43E-07		8.73E-12		6.89E-13		0.0596		8.67E-05		16.4		6.63		180.0
#6.43E-07		8.73E-12		6.89E-13		0.0596		8.67E-05		18.4		6.63		100.0
#6.43E-07		8.73E-12		6.89E-13		0.0596		8.67E-05		19.4		6.63		180.0
#6.43E-07		8.73E-12		6.89E-13		0.0596		8.67E-05		21.4		6.63		180.0
#6.43E-07		8.73E-12		6.89E-13		0.0596		8.67E-05		30.4		6.63		180.0
#6.43E-07		8.73E-12		6.89E-13		0.0596		8.67E-05		40.4		6.63		400.0
#
#6.43E-07		8.73E-12		6.89E-13		0.0596		8.67E-05		18.4		4.63		180.0
#6.43E-07		8.73E-12		6.89E-13		0.0596		8.67E-05		18.4		6.63		180.0
#6.43E-07		8.73E-12		6.89E-13		0.0596		8.67E-05		18.4		8.63		180.0
#6.43E-07		8.73E-12		6.89E-13		0.0596		8.67E-05		18.4	10.63		180.0
#6.43E-07		8.73E-12		6.89E-13		0.0596		8.67E-05		18.4	12.63		180.0
#6.43E-07		8.73E-12		6.89E-13		0.0596		8.67E-05		18.4	20.63		180.0
#6.43E-07		8.73E-12		6.89E-13		0.0596		8.67E-05		18.4	25.63		180.0
#6.43E-07		8.73E-12		6.89E-13		0.0596		8.67E-05		18.4	40.63		180.0
#
#
#
#4.67E-07		3.49E-11		6.68E-13		0.180		2.93E-05		14.7		0.91		180.0
#4.67E-07		3.49E-11		6.68E-13		0.180		2.93E-05		18.7		0.91		180.0
#4.67E-07		3.49E-11		6.68E-13		0.180		2.93E-05		21.7		0.91		180.0
#4.67E-07		3.49E-11		6.68E-13		0.180		2.93E-05		23.7		0.91		180.0
#4.67E-07		3.49E-11		6.68E-13		0.180		2.93E-05		25.7		0.91		250.0
#4.67E-07		3.49E-11		6.68E-13		0.180		2.93E-05		30.7		0.91		400.0
#4.67E-07		3.49E-11		6.68E-13		0.180		2.93E-05		40.7		0.91		500.0
#4.67E-07		3.49E-11		6.68E-13		0.180		2.93E-05		50.7		0.91		700.0
#
#4.67E-07		3.49E-11		6.68E-13		0.180		2.93E-05		23.7		0.81		180.0
#4.67E-07		3.49E-11		6.68E-13		0.180		2.93E-05		23.7		0.91		180.0
#4.67E-07		3.49E-11		6.68E-13		0.180		2.93E-05		23.7		1.91		250.0
#4.67E-07		3.49E-11		6.68E-13		0.180		2.93E-05		23.7		4.91		500.0
#4.67E-07		3.49E-11		6.68E-13		0.180		2.93E-05		23.7	14.91		800.0
#4.67E-07		3.49E-11		6.68E-13		0.180		2.93E-05		23.7	24.91		1000.0
#4.67E-07		3.49E-11		6.68E-13		0.180		2.93E-05		23.7	40.91		1000.0
#
#
6.43E-07		8.73E-12		6.89E-13		0.0596		8.67E-05		18.4		6.63		100.0
#4.67E-07		3.49E-11		6.68E-13		0.180		2.93E-05		23.7		0.91		180.0